0.000000 -65.000000 -75.000000
1.000000 -64.400000 -73.900000
2.000000 -63.830000 -72.855000
3.000000 -63.288500 -71.862250
4.000000 -62.774075 -70.919138
5.000000 -62.285371 -70.023181
6.000000 -61.821103 -69.172022
7.000000 -61.380048 -68.363421
8.000000 -60.961045 -67.595249
9.000000 -60.562993 -66.865487
10.000000 -60.184843 -66.172213
11.000000 -59.825601 -65.513602
12.000000 -59.484321 -64.887922
13.000000 -59.160105 -64.293526
14.000000 -58.852100 -63.728850
15.000000 -58.559495 -63.192407
16.000000 -58.281520 -62.682787
17.000000 -58.017444 -62.198647
18.000000 -57.766572 -61.738715
19.000000 -57.528243 -61.301779
20.000000 -57.301831 -60.886690
21.000000 -57.086740 -60.492356
22.000000 -56.882403 -60.117738
23.000000 -56.688282 -59.761851
24.000000 -56.503868 -59.423759
25.000000 -56.328675 -59.102571
26.000000 -56.162241 -58.797442
27.000000 -56.004129 -58.507570
28.000000 -55.853923 -58.232191
29.000000 -55.711226 -57.970582
30.000000 -55.575665 -57.722053
31.000000 -55.446882 -57.485950
32.000000 -55.324538 -57.261653
33.000000 -55.208311 -57.048570
34.000000 -55.097895 -56.846142
34.000000 0 -56.653834
35.000000 -65.000000 -56.653834
36.000000 -64.400000 -56.471143
37.000000 -63.830000 -56.297586
38.000000 -63.288500 -56.132706
39.000000 -62.774075 -55.976071
40.000000 -62.285371 -55.827267
41.000000 -61.821103 -55.685904
42.000000 -61.380048 -55.551609
43.000000 -60.961045 -55.424028
44.000000 -60.562993 -55.302827
45.000000 -60.184843 -55.187686
46.000000 -59.825601 -55.078301
46.000000 -59.484321 0
47.000000 -59.484321 -65.000000
48.000000 -59.160105 -64.400000
49.000000 -58.852100 -63.830000
50.000000 -58.559495 -63.288500
51.000000 -58.281520 -62.774075
52.000000 -58.017444 -62.285371
53.000000 -57.766572 -61.821103
54.000000 -57.528243 -61.380048
55.000000 -57.301831 -60.961045
56.000000 -57.086740 -60.562993
57.000000 -56.882403 -60.184843
58.000000 -56.688282 -59.825601
59.000000 -56.503868 -59.484321
60.000000 -56.328675 -59.160105
61.000000 -56.162241 -58.852100
62.000000 -56.004129 -58.559495
63.000000 -55.853923 -58.281520
64.000000 -55.711226 -58.017444
65.000000 -55.575665 -57.766572
66.000000 -55.446882 -57.528243
67.000000 -55.324538 -57.301831
68.000000 -55.208311 -57.086740
69.000000 -55.097895 -56.882403
69.000000 0 -56.688282
70.000000 -65.000000 -56.688282
71.000000 -64.400000 -56.503868
72.000000 -63.830000 -56.328675
73.000000 -63.288500 -56.162241
74.000000 -62.774075 -56.004129
75.000000 -62.285371 -55.853923
76.000000 -61.821103 -55.711226
77.000000 -61.380048 -55.575665
78.000000 -60.961045 -55.446882
79.000000 -60.562993 -55.324538
80.000000 -60.184843 -55.208311
81.000000 -59.825601 -55.097895
81.000000 -59.484321 0
82.000000 -59.484321 -65.000000
83.000000 -59.160105 -64.400000
84.000000 -58.852100 -63.830000
85.000000 -58.559495 -63.288500
86.000000 -58.281520 -62.774075
87.000000 -58.017444 -62.285371
88.000000 -57.766572 -61.821103
89.000000 -57.528243 -61.380048
90.000000 -57.301831 -60.961045
91.000000 -57.086740 -60.562993
92.000000 -56.882403 -60.184843
93.000000 -56.688282 -59.825601
94.000000 -56.503868 -59.484321
95.000000 -56.328675 -59.160105
96.000000 -56.162241 -58.852100
97.000000 -56.004129 -58.559495
98.000000 -55.853923 -58.281520
99.000000 -55.711226 -58.017444
100.000000 -55.575665 -57.766572
101.000000 -55.446882 -57.528243
102.000000 -55.324538 -57.301831
103.000000 -55.208311 -57.086740
104.000000 -55.097895 -56.882403
104.000000 0 -56.688282
105.000000 -65.000000 -56.688282
106.000000 -64.400000 -56.503868
107.000000 -63.830000 -56.328675
108.000000 -63.288500 -56.162241
109.000000 -62.774075 -56.004129
110.000000 -62.285371 -55.853923
111.000000 -61.821103 -55.711226
112.000000 -61.380048 -55.575665
113.000000 -60.961045 -55.446882
114.000000 -60.562993 -55.324538
115.000000 -60.184843 -55.208311
116.000000 -59.825601 -55.097895
116.000000 -59.484321 0
117.000000 -59.484321 -65.000000
118.000000 -59.160105 -64.400000
119.000000 -58.852100 -63.830000
120.000000 -58.559495 -63.288500
121.000000 -58.281520 -62.774075
122.000000 -58.017444 -62.285371
123.000000 -57.766572 -61.821103
124.000000 -57.528243 -61.380048
125.000000 -57.301831 -60.961045
126.000000 -57.086740 -60.562993
127.000000 -56.882403 -60.184843
128.000000 -56.688282 -59.825601
129.000000 -56.503868 -59.484321
130.000000 -56.328675 -59.160105
131.000000 -56.162241 -58.852100
132.000000 -56.004129 -58.559495
133.000000 -55.853923 -58.281520
134.000000 -55.711226 -58.017444
135.000000 -55.575665 -57.766572
136.000000 -55.446882 -57.528243
137.000000 -55.324538 -57.301831
138.000000 -55.208311 -57.086740
139.000000 -55.097895 -56.882403
139.000000 0 -56.688282
140.000000 -65.000000 -56.688282
141.000000 -64.400000 -56.503868
142.000000 -63.830000 -56.328675
143.000000 -63.288500 -56.162241
144.000000 -62.774075 -56.004129
145.000000 -62.285371 -55.853923
146.000000 -61.821103 -55.711226
147.000000 -61.380048 -55.575665
148.000000 -60.961045 -55.446882
149.000000 -60.562993 -55.324538
150.000000 -60.184843 -55.208311
151.000000 -59.825601 -55.097895
151.000000 -59.484321 0
152.000000 -59.484321 -65.000000
153.000000 -59.160105 -64.400000
154.000000 -58.852100 -63.830000
155.000000 -58.559495 -63.288500
156.000000 -58.281520 -62.774075
157.000000 -58.017444 -62.285371
158.000000 -57.766572 -61.821103
159.000000 -57.528243 -61.380048
160.000000 -57.301831 -60.961045
161.000000 -57.086740 -60.562993
162.000000 -56.882403 -60.184843
163.000000 -56.688282 -59.825601
164.000000 -56.503868 -59.484321
165.000000 -56.328675 -59.160105
166.000000 -56.162241 -58.852100
167.000000 -56.004129 -58.559495
168.000000 -55.853923 -58.281520
169.000000 -55.711226 -58.017444
170.000000 -55.575665 -57.766572
171.000000 -55.446882 -57.528243
172.000000 -55.324538 -57.301831
173.000000 -55.208311 -57.086740
174.000000 -55.097895 -56.882403
174.000000 0 -56.688282
175.000000 -65.000000 -56.688282
176.000000 -64.400000 -56.503868
177.000000 -63.830000 -56.328675
178.000000 -63.288500 -56.162241
179.000000 -62.774075 -56.004129
180.000000 -62.285371 -55.853923
181.000000 -61.821103 -55.711226
182.000000 -61.380048 -55.575665
183.000000 -60.961045 -55.446882
184.000000 -60.562993 -55.324538
185.000000 -60.184843 -55.208311
186.000000 -59.825601 -55.097895
186.000000 -59.484321 0
187.000000 -59.484321 -65.000000
188.000000 -59.160105 -64.400000
189.000000 -58.852100 -63.830000
190.000000 -58.559495 -63.288500
191.000000 -58.281520 -62.774075
192.000000 -58.017444 -62.285371
193.000000 -57.766572 -61.821103
194.000000 -57.528243 -61.380048
195.000000 -57.301831 -60.961045
196.000000 -57.086740 -60.562993
197.000000 -56.882403 -60.184843
198.000000 -56.688282 -59.825601
199.000000 -56.503868 -59.484321
200.000000 -56.328675 -59.160105
201.000000 -56.162241 -58.852100
202.000000 -56.004129 -58.559495
203.000000 -55.853923 -58.281520
204.000000 -55.711226 -58.017444
205.000000 -55.575665 -57.766572
206.000000 -55.446882 -57.528243
207.000000 -55.324538 -57.301831
208.000000 -55.208311 -57.086740
209.000000 -55.097895 -56.882403
209.000000 0 -56.688282
210.000000 -65.000000 -56.688282
211.000000 -64.400000 -56.503868
212.000000 -63.830000 -56.328675
213.000000 -63.288500 -56.162241
214.000000 -62.774075 -56.004129
215.000000 -62.285371 -55.853923
216.000000 -61.821103 -55.711226
217.000000 -61.380048 -55.575665
218.000000 -60.961045 -55.446882
219.000000 -60.562993 -55.324538
220.000000 -60.184843 -55.208311
221.000000 -59.825601 -55.097895
221.000000 -59.484321 0
222.000000 -59.484321 -65.000000
223.000000 -59.160105 -64.400000
224.000000 -58.852100 -63.830000
225.000000 -58.559495 -63.288500
226.000000 -58.281520 -62.774075
227.000000 -58.017444 -62.285371
228.000000 -57.766572 -61.821103
229.000000 -57.528243 -61.380048
230.000000 -57.301831 -60.961045
231.000000 -57.086740 -60.562993
232.000000 -56.882403 -60.184843
233.000000 -56.688282 -59.825601
234.000000 -56.503868 -59.484321
235.000000 -56.328675 -59.160105
236.000000 -56.162241 -58.852100
237.000000 -56.004129 -58.559495
238.000000 -55.853923 -58.281520
239.000000 -55.711226 -58.017444
240.000000 -55.575665 -57.766572
241.000000 -55.446882 -57.528243
242.000000 -55.324538 -57.301831
243.000000 -55.208311 -57.086740
244.000000 -55.097895 -56.882403
244.000000 0 -56.688282
245.000000 -65.000000 -56.688282
246.000000 -64.400000 -56.503868
247.000000 -63.830000 -56.328675
248.000000 -63.288500 -56.162241
249.000000 -62.774075 -56.004129
250.000000 -62.285371 -55.853923
251.000000 -61.821103 -55.711226
252.000000 -61.380048 -55.575665
253.000000 -60.961045 -55.446882
254.000000 -60.562993 -55.324538
255.000000 -60.184843 -55.208311
256.000000 -59.825601 -55.097895
256.000000 -59.484321 0
257.000000 -59.484321 -65.000000
258.000000 -59.160105 -64.400000
259.000000 -58.852100 -63.830000
260.000000 -58.559495 -63.288500
261.000000 -58.281520 -62.774075
262.000000 -58.017444 -62.285371
263.000000 -57.766572 -61.821103
264.000000 -57.528243 -61.380048
265.000000 -57.301831 -60.961045
266.000000 -57.086740 -60.562993
267.000000 -56.882403 -60.184843
268.000000 -56.688282 -59.825601
269.000000 -56.503868 -59.484321
270.000000 -56.328675 -59.160105
271.000000 -56.162241 -58.852100
272.000000 -56.004129 -58.559495
273.000000 -55.853923 -58.281520
274.000000 -55.711226 -58.017444
275.000000 -55.575665 -57.766572
276.000000 -55.446882 -57.528243
277.000000 -55.324538 -57.301831
278.000000 -55.208311 -57.086740
279.000000 -55.097895 -56.882403
279.000000 0 -56.688282
280.000000 -65.000000 -56.688282
281.000000 -64.400000 -56.503868
282.000000 -63.830000 -56.328675
283.000000 -63.288500 -56.162241
284.000000 -62.774075 -56.004129
285.000000 -62.285371 -55.853923
286.000000 -61.821103 -55.711226
287.000000 -61.380048 -55.575665
288.000000 -60.961045 -55.446882
289.000000 -60.562993 -55.324538
290.000000 -60.184843 -55.208311
291.000000 -59.825601 -55.097895
291.000000 -59.484321 0
292.000000 -59.484321 -65.000000
293.000000 -59.160105 -64.400000
294.000000 -58.852100 -63.830000
295.000000 -58.559495 -63.288500
296.000000 -58.281520 -62.774075
297.000000 -58.017444 -62.285371
298.000000 -57.766572 -61.821103
299.000000 -57.528243 -61.380048
300.000000 -57.301831 -60.961045
301.000000 -57.086740 -60.562993
302.000000 -56.882403 -60.184843
303.000000 -56.688282 -59.825601
304.000000 -56.503868 -59.484321
305.000000 -56.328675 -59.160105
306.000000 -56.162241 -58.852100
307.000000 -56.004129 -58.559495
308.000000 -55.853923 -58.281520
309.000000 -55.711226 -58.017444
310.000000 -55.575665 -57.766572
311.000000 -55.446882 -57.528243
312.000000 -55.324538 -57.301831
313.000000 -55.208311 -57.086740
314.000000 -55.097895 -56.882403
314.000000 0 -56.688282
315.000000 -65.000000 -56.688282
316.000000 -64.400000 -56.503868
317.000000 -63.830000 -56.328675
318.000000 -63.288500 -56.162241
319.000000 -62.774075 -56.004129
320.000000 -62.285371 -55.853923
321.000000 -61.821103 -55.711226
322.000000 -61.380048 -55.575665
323.000000 -60.961045 -55.446882
324.000000 -60.562993 -55.324538
325.000000 -60.184843 -55.208311
326.000000 -59.825601 -55.097895
326.000000 -59.484321 0
327.000000 -59.484321 -65.000000
328.000000 -59.160105 -64.400000
329.000000 -58.852100 -63.830000
330.000000 -58.559495 -63.288500
331.000000 -58.281520 -62.774075
332.000000 -58.017444 -62.285371
333.000000 -57.766572 -61.821103
334.000000 -57.528243 -61.380048
335.000000 -57.301831 -60.961045
336.000000 -57.086740 -60.562993
337.000000 -56.882403 -60.184843
338.000000 -56.688282 -59.825601
339.000000 -56.503868 -59.484321
340.000000 -56.328675 -59.160105
341.000000 -56.162241 -58.852100
342.000000 -56.004129 -58.559495
343.000000 -55.853923 -58.281520
344.000000 -55.711226 -58.017444
345.000000 -55.575665 -57.766572
346.000000 -55.446882 -57.528243
347.000000 -55.324538 -57.301831
348.000000 -55.208311 -57.086740
349.000000 -55.097895 -56.882403
349.000000 0 -56.688282
350.000000 -65.000000 -56.688282
351.000000 -64.400000 -56.503868
352.000000 -63.830000 -56.328675
353.000000 -63.288500 -56.162241
354.000000 -62.774075 -56.004129
355.000000 -62.285371 -55.853923
356.000000 -61.821103 -55.711226
357.000000 -61.380048 -55.575665
358.000000 -60.961045 -55.446882
359.000000 -60.562993 -55.324538
360.000000 -60.184843 -55.208311
361.000000 -59.825601 -55.097895
361.000000 -59.484321 0
362.000000 -59.484321 -65.000000
363.000000 -59.160105 -64.400000
364.000000 -58.852100 -63.830000
365.000000 -58.559495 -63.288500
366.000000 -58.281520 -62.774075
367.000000 -58.017444 -62.285371
368.000000 -57.766572 -61.821103
369.000000 -57.528243 -61.380048
370.000000 -57.301831 -60.961045
371.000000 -57.086740 -60.562993
372.000000 -56.882403 -60.184843
373.000000 -56.688282 -59.825601
374.000000 -56.503868 -59.484321
375.000000 -56.328675 -59.160105
376.000000 -56.162241 -58.852100
377.000000 -56.004129 -58.559495
378.000000 -55.853923 -58.281520
379.000000 -55.711226 -58.017444
380.000000 -55.575665 -57.766572
381.000000 -55.446882 -57.528243
382.000000 -55.324538 -57.301831
383.000000 -55.208311 -57.086740
384.000000 -55.097895 -56.882403
384.000000 0 -56.688282
385.000000 -65.000000 -56.688282
386.000000 -64.400000 -56.503868
387.000000 -63.830000 -56.328675
388.000000 -63.288500 -56.162241
389.000000 -62.774075 -56.004129
390.000000 -62.285371 -55.853923
391.000000 -61.821103 -55.711226
392.000000 -61.380048 -55.575665
393.000000 -60.961045 -55.446882
394.000000 -60.562993 -55.324538
395.000000 -60.184843 -55.208311
396.000000 -59.825601 -55.097895
396.000000 -59.484321 0
397.000000 -59.484321 -65.000000
398.000000 -59.160105 -64.400000
399.000000 -58.852100 -63.830000
400.000000 -58.559495 -63.288500
401.000000 -58.281520 -62.774075
402.000000 -58.017444 -62.285371
403.000000 -57.766572 -61.821103
404.000000 -57.528243 -61.380048
405.000000 -57.301831 -60.961045
406.000000 -57.086740 -60.562993
407.000000 -56.882403 -60.184843
408.000000 -56.688282 -59.825601
409.000000 -56.503868 -59.484321
410.000000 -56.328675 -59.160105
411.000000 -56.162241 -58.852100
412.000000 -56.004129 -58.559495
413.000000 -55.853923 -58.281520
414.000000 -55.711226 -58.017444
415.000000 -55.575665 -57.766572
416.000000 -55.446882 -57.528243
417.000000 -55.324538 -57.301831
418.000000 -55.208311 -57.086740
419.000000 -55.097895 -56.882403
419.000000 0 -56.688282
420.000000 -65.000000 -56.688282
421.000000 -64.400000 -56.503868
422.000000 -63.830000 -56.328675
423.000000 -63.288500 -56.162241
424.000000 -62.774075 -56.004129
425.000000 -62.285371 -55.853923
426.000000 -61.821103 -55.711226
427.000000 -61.380048 -55.575665
428.000000 -60.961045 -55.446882
429.000000 -60.562993 -55.324538
430.000000 -60.184843 -55.208311
431.000000 -59.825601 -55.097895
431.000000 -59.484321 0
432.000000 -59.484321 -65.000000
433.000000 -59.160105 -64.400000
434.000000 -58.852100 -63.830000
435.000000 -58.559495 -63.288500
436.000000 -58.281520 -62.774075
437.000000 -58.017444 -62.285371
438.000000 -57.766572 -61.821103
439.000000 -57.528243 -61.380048
440.000000 -57.301831 -60.961045
441.000000 -57.086740 -60.562993
442.000000 -56.882403 -60.184843
443.000000 -56.688282 -59.825601
444.000000 -56.503868 -59.484321
445.000000 -56.328675 -59.160105
446.000000 -56.162241 -58.852100
447.000000 -56.004129 -58.559495
448.000000 -55.853923 -58.281520
449.000000 -55.711226 -58.017444
450.000000 -55.575665 -57.766572
451.000000 -55.446882 -57.528243
452.000000 -55.324538 -57.301831
453.000000 -55.208311 -57.086740
454.000000 -55.097895 -56.882403
454.000000 0 -56.688282
455.000000 -65.000000 -56.688282
456.000000 -64.400000 -56.503868
457.000000 -63.830000 -56.328675
458.000000 -63.288500 -56.162241
459.000000 -62.774075 -56.004129
460.000000 -62.285371 -55.853923
461.000000 -61.821103 -55.711226
462.000000 -61.380048 -55.575665
463.000000 -60.961045 -55.446882
464.000000 -60.562993 -55.324538
465.000000 -60.184843 -55.208311
466.000000 -59.825601 -55.097895
466.000000 -59.484321 0
467.000000 -59.484321 -65.000000
468.000000 -59.160105 -64.400000
469.000000 -58.852100 -63.830000
470.000000 -58.559495 -63.288500
471.000000 -58.281520 -62.774075
472.000000 -58.017444 -62.285371
473.000000 -57.766572 -61.821103
474.000000 -57.528243 -61.380048
475.000000 -57.301831 -60.961045
476.000000 -57.086740 -60.562993
477.000000 -56.882403 -60.184843
478.000000 -56.688282 -59.825601
479.000000 -56.503868 -59.484321
480.000000 -56.328675 -59.160105
481.000000 -56.162241 -58.852100
482.000000 -56.004129 -58.559495
483.000000 -55.853923 -58.281520
484.000000 -55.711226 -58.017444
485.000000 -55.575665 -57.766572
486.000000 -55.446882 -57.528243
487.000000 -55.324538 -57.301831
488.000000 -55.208311 -57.086740
489.000000 -55.097895 -56.882403
489.000000 0 -56.688282
490.000000 -65.000000 -56.688282
491.000000 -64.400000 -56.503868
492.000000 -63.830000 -56.328675
493.000000 -63.288500 -56.162241
494.000000 -62.774075 -56.004129
495.000000 -62.285371 -55.853923
496.000000 -61.821103 -55.711226
497.000000 -61.380048 -55.575665
498.000000 -60.961045 -55.446882
499.000000 -60.562993 -55.324538
500.000000 -60.184843 -55.208311
501.000000 -59.825601 -55.097895
501.000000 -59.484321 0
502.000000 -59.484321 -65.000000
503.000000 -59.160105 -64.400000
504.000000 -58.852100 -63.830000
505.000000 -58.559495 -63.288500
506.000000 -58.281520 -62.774075
507.000000 -58.017444 -62.285371
508.000000 -57.766572 -61.821103
509.000000 -57.528243 -61.380048
510.000000 -57.301831 -60.961045
511.000000 -57.086740 -60.562993
512.000000 -56.882403 -60.184843
513.000000 -56.688282 -59.825601
514.000000 -56.503868 -59.484321
515.000000 -56.328675 -59.160105
516.000000 -56.162241 -58.852100
517.000000 -56.004129 -58.559495
518.000000 -55.853923 -58.281520
519.000000 -55.711226 -58.017444
520.000000 -55.575665 -57.766572
521.000000 -55.446882 -57.528243
522.000000 -55.324538 -57.301831
523.000000 -55.208311 -57.086740
524.000000 -55.097895 -56.882403
524.000000 0 -56.688282
525.000000 -65.000000 -56.688282
526.000000 -64.400000 -56.503868
527.000000 -63.830000 -56.328675
528.000000 -63.288500 -56.162241
529.000000 -62.774075 -56.004129
530.000000 -62.285371 -55.853923
531.000000 -61.821103 -55.711226
532.000000 -61.380048 -55.575665
533.000000 -60.961045 -55.446882
534.000000 -60.562993 -55.324538
535.000000 -60.184843 -55.208311
536.000000 -59.825601 -55.097895
536.000000 -59.484321 0
537.000000 -59.484321 -65.000000
538.000000 -59.160105 -64.400000
539.000000 -58.852100 -63.830000
540.000000 -58.559495 -63.288500
541.000000 -58.281520 -62.774075
542.000000 -58.017444 -62.285371
543.000000 -57.766572 -61.821103
544.000000 -57.528243 -61.380048
545.000000 -57.301831 -60.961045
546.000000 -57.086740 -60.562993
547.000000 -56.882403 -60.184843
548.000000 -56.688282 -59.825601
549.000000 -56.503868 -59.484321
550.000000 -56.328675 -59.160105
551.000000 -56.162241 -58.852100
552.000000 -56.004129 -58.559495
553.000000 -55.853923 -58.281520
554.000000 -55.711226 -58.017444
555.000000 -55.575665 -57.766572
556.000000 -55.446882 -57.528243
557.000000 -55.324538 -57.301831
558.000000 -55.208311 -57.086740
559.000000 -55.097895 -56.882403
559.000000 0 -56.688282
560.000000 -65.000000 -56.688282
561.000000 -64.400000 -56.503868
562.000000 -63.830000 -56.328675
563.000000 -63.288500 -56.162241
564.000000 -62.774075 -56.004129
565.000000 -62.285371 -55.853923
566.000000 -61.821103 -55.711226
567.000000 -61.380048 -55.575665
568.000000 -60.961045 -55.446882
569.000000 -60.562993 -55.324538
570.000000 -60.184843 -55.208311
571.000000 -59.825601 -55.097895
571.000000 -59.484321 0
572.000000 -59.484321 -65.000000
573.000000 -59.160105 -64.400000
574.000000 -58.852100 -63.830000
575.000000 -58.559495 -63.288500
576.000000 -58.281520 -62.774075
577.000000 -58.017444 -62.285371
578.000000 -57.766572 -61.821103
579.000000 -57.528243 -61.380048
580.000000 -57.301831 -60.961045
581.000000 -57.086740 -60.562993
582.000000 -56.882403 -60.184843
583.000000 -56.688282 -59.825601
584.000000 -56.503868 -59.484321
585.000000 -56.328675 -59.160105
586.000000 -56.162241 -58.852100
587.000000 -56.004129 -58.559495
588.000000 -55.853923 -58.281520
589.000000 -55.711226 -58.017444
590.000000 -55.575665 -57.766572
591.000000 -55.446882 -57.528243
592.000000 -55.324538 -57.301831
593.000000 -55.208311 -57.086740
594.000000 -55.097895 -56.882403
594.000000 0 -56.688282
595.000000 -65.000000 -56.688282
596.000000 -64.400000 -56.503868
597.000000 -63.830000 -56.328675
598.000000 -63.288500 -56.162241
599.000000 -62.774075 -56.004129
600.000000 -62.285371 -55.853923
601.000000 -61.821103 -55.711226
602.000000 -61.380048 -55.575665
603.000000 -60.961045 -55.446882
604.000000 -60.562993 -55.324538
605.000000 -60.184843 -55.208311
606.000000 -59.825601 -55.097895
606.000000 -59.484321 0
607.000000 -59.484321 -65.000000
608.000000 -59.160105 -64.400000
609.000000 -58.852100 -63.830000
610.000000 -58.559495 -63.288500
611.000000 -58.281520 -62.774075
612.000000 -58.017444 -62.285371
613.000000 -57.766572 -61.821103
614.000000 -57.528243 -61.380048
615.000000 -57.301831 -60.961045
616.000000 -57.086740 -60.562993
617.000000 -56.882403 -60.184843
618.000000 -56.688282 -59.825601
619.000000 -56.503868 -59.484321
620.000000 -56.328675 -59.160105
621.000000 -56.162241 -58.852100
622.000000 -56.004129 -58.559495
623.000000 -55.853923 -58.281520
624.000000 -55.711226 -58.017444
625.000000 -55.575665 -57.766572
626.000000 -55.446882 -57.528243
627.000000 -55.324538 -57.301831
628.000000 -55.208311 -57.086740
629.000000 -55.097895 -56.882403
629.000000 0 -56.688282
630.000000 -65.000000 -56.688282
631.000000 -64.400000 -56.503868
632.000000 -63.830000 -56.328675
633.000000 -63.288500 -56.162241
634.000000 -62.774075 -56.004129
635.000000 -62.285371 -55.853923
636.000000 -61.821103 -55.711226
637.000000 -61.380048 -55.575665
638.000000 -60.961045 -55.446882
639.000000 -60.562993 -55.324538
640.000000 -60.184843 -55.208311
641.000000 -59.825601 -55.097895
641.000000 -59.484321 0
642.000000 -59.484321 -65.000000
643.000000 -59.160105 -64.400000
644.000000 -58.852100 -63.830000
645.000000 -58.559495 -63.288500
646.000000 -58.281520 -62.774075
647.000000 -58.017444 -62.285371
648.000000 -57.766572 -61.821103
649.000000 -57.528243 -61.380048
650.000000 -57.301831 -60.961045
651.000000 -57.086740 -60.562993
652.000000 -56.882403 -60.184843
653.000000 -56.688282 -59.825601
654.000000 -56.503868 -59.484321
655.000000 -56.328675 -59.160105
656.000000 -56.162241 -58.852100
657.000000 -56.004129 -58.559495
658.000000 -55.853923 -58.281520
659.000000 -55.711226 -58.017444
660.000000 -55.575665 -57.766572
661.000000 -55.446882 -57.528243
662.000000 -55.324538 -57.301831
663.000000 -55.208311 -57.086740
664.000000 -55.097895 -56.882403
664.000000 0 -56.688282
665.000000 -65.000000 -56.688282
666.000000 -64.400000 -56.503868
667.000000 -63.830000 -56.328675
668.000000 -63.288500 -56.162241
669.000000 -62.774075 -56.004129
670.000000 -62.285371 -55.853923
671.000000 -61.821103 -55.711226
672.000000 -61.380048 -55.575665
673.000000 -60.961045 -55.446882
674.000000 -60.562993 -55.324538
675.000000 -60.184843 -55.208311
676.000000 -59.825601 -55.097895
676.000000 -59.484321 0
677.000000 -59.484321 -65.000000
678.000000 -59.160105 -64.400000
679.000000 -58.852100 -63.830000
680.000000 -58.559495 -63.288500
681.000000 -58.281520 -62.774075
682.000000 -58.017444 -62.285371
683.000000 -57.766572 -61.821103
684.000000 -57.528243 -61.380048
685.000000 -57.301831 -60.961045
686.000000 -57.086740 -60.562993
687.000000 -56.882403 -60.184843
688.000000 -56.688282 -59.825601
689.000000 -56.503868 -59.484321
690.000000 -56.328675 -59.160105
691.000000 -56.162241 -58.852100
692.000000 -56.004129 -58.559495
693.000000 -55.853923 -58.281520
694.000000 -55.711226 -58.017444
695.000000 -55.575665 -57.766572
696.000000 -55.446882 -57.528243
697.000000 -55.324538 -57.301831
698.000000 -55.208311 -57.086740
699.000000 -55.097895 -56.882403
699.000000 0 -56.688282
700.000000 -65.000000 -56.688282
701.000000 -64.400000 -56.503868
702.000000 -63.830000 -56.328675
703.000000 -63.288500 -56.162241
704.000000 -62.774075 -56.004129
705.000000 -62.285371 -55.853923
706.000000 -61.821103 -55.711226
707.000000 -61.380048 -55.575665
708.000000 -60.961045 -55.446882
709.000000 -60.562993 -55.324538
710.000000 -60.184843 -55.208311
711.000000 -59.825601 -55.097895
711.000000 -59.484321 0
712.000000 -59.484321 -65.000000
713.000000 -59.160105 -64.400000
714.000000 -58.852100 -63.830000
715.000000 -58.559495 -63.288500
716.000000 -58.281520 -62.774075
717.000000 -58.017444 -62.285371
718.000000 -57.766572 -61.821103
719.000000 -57.528243 -61.380048
720.000000 -57.301831 -60.961045
721.000000 -57.086740 -60.562993
722.000000 -56.882403 -60.184843
723.000000 -56.688282 -59.825601
724.000000 -56.503868 -59.484321
725.000000 -56.328675 -59.160105
726.000000 -56.162241 -58.852100
727.000000 -56.004129 -58.559495
728.000000 -55.853923 -58.281520
729.000000 -55.711226 -58.017444
730.000000 -55.575665 -57.766572
731.000000 -55.446882 -57.528243
732.000000 -55.324538 -57.301831
733.000000 -55.208311 -57.086740
734.000000 -55.097895 -56.882403
734.000000 0 -56.688282
735.000000 -65.000000 -56.688282
736.000000 -64.400000 -56.503868
737.000000 -63.830000 -56.328675
738.000000 -63.288500 -56.162241
739.000000 -62.774075 -56.004129
740.000000 -62.285371 -55.853923
741.000000 -61.821103 -55.711226
742.000000 -61.380048 -55.575665
743.000000 -60.961045 -55.446882
744.000000 -60.562993 -55.324538
745.000000 -60.184843 -55.208311
746.000000 -59.825601 -55.097895
746.000000 -59.484321 0
747.000000 -59.484321 -65.000000
748.000000 -59.160105 -64.400000
749.000000 -58.852100 -63.830000
750.000000 -58.559495 -63.288500
751.000000 -58.281520 -62.774075
752.000000 -58.017444 -62.285371
753.000000 -57.766572 -61.821103
754.000000 -57.528243 -61.380048
755.000000 -57.301831 -60.961045
756.000000 -57.086740 -60.562993
757.000000 -56.882403 -60.184843
758.000000 -56.688282 -59.825601
759.000000 -56.503868 -59.484321
760.000000 -56.328675 -59.160105
761.000000 -56.162241 -58.852100
762.000000 -56.004129 -58.559495
763.000000 -55.853923 -58.281520
764.000000 -55.711226 -58.017444
765.000000 -55.575665 -57.766572
766.000000 -55.446882 -57.528243
767.000000 -55.324538 -57.301831
768.000000 -55.208311 -57.086740
769.000000 -55.097895 -56.882403
769.000000 0 -56.688282
770.000000 -65.000000 -56.688282
771.000000 -64.400000 -56.503868
772.000000 -63.830000 -56.328675
773.000000 -63.288500 -56.162241
774.000000 -62.774075 -56.004129
775.000000 -62.285371 -55.853923
776.000000 -61.821103 -55.711226
777.000000 -61.380048 -55.575665
778.000000 -60.961045 -55.446882
779.000000 -60.562993 -55.324538
780.000000 -60.184843 -55.208311
781.000000 -59.825601 -55.097895
781.000000 -59.484321 0
782.000000 -59.484321 -65.000000
783.000000 -59.160105 -64.400000
784.000000 -58.852100 -63.830000
785.000000 -58.559495 -63.288500
786.000000 -58.281520 -62.774075
787.000000 -58.017444 -62.285371
788.000000 -57.766572 -61.821103
789.000000 -57.528243 -61.380048
790.000000 -57.301831 -60.961045
791.000000 -57.086740 -60.562993
792.000000 -56.882403 -60.184843
793.000000 -56.688282 -59.825601
794.000000 -56.503868 -59.484321
795.000000 -56.328675 -59.160105
796.000000 -56.162241 -58.852100
797.000000 -56.004129 -58.559495
798.000000 -55.853923 -58.281520
799.000000 -55.711226 -58.017444
800.000000 -55.575665 -57.766572
801.000000 -55.446882 -57.528243
802.000000 -55.324538 -57.301831
803.000000 -55.208311 -57.086740
804.000000 -55.097895 -56.882403
804.000000 0 -56.688282
805.000000 -65.000000 -56.688282
806.000000 -64.400000 -56.503868
807.000000 -63.830000 -56.328675
808.000000 -63.288500 -56.162241
809.000000 -62.774075 -56.004129
810.000000 -62.285371 -55.853923
811.000000 -61.821103 -55.711226
812.000000 -61.380048 -55.575665
813.000000 -60.961045 -55.446882
814.000000 -60.562993 -55.324538
815.000000 -60.184843 -55.208311
816.000000 -59.825601 -55.097895
816.000000 -59.484321 0
817.000000 -59.484321 -65.000000
818.000000 -59.160105 -64.400000
819.000000 -58.852100 -63.830000
820.000000 -58.559495 -63.288500
821.000000 -58.281520 -62.774075
822.000000 -58.017444 -62.285371
823.000000 -57.766572 -61.821103
824.000000 -57.528243 -61.380048
825.000000 -57.301831 -60.961045
826.000000 -57.086740 -60.562993
827.000000 -56.882403 -60.184843
828.000000 -56.688282 -59.825601
829.000000 -56.503868 -59.484321
830.000000 -56.328675 -59.160105
831.000000 -56.162241 -58.852100
832.000000 -56.004129 -58.559495
833.000000 -55.853923 -58.281520
834.000000 -55.711226 -58.017444
835.000000 -55.575665 -57.766572
836.000000 -55.446882 -57.528243
837.000000 -55.324538 -57.301831
838.000000 -55.208311 -57.086740
839.000000 -55.097895 -56.882403
839.000000 0 -56.688282
840.000000 -65.000000 -56.688282
841.000000 -64.400000 -56.503868
842.000000 -63.830000 -56.328675
843.000000 -63.288500 -56.162241
844.000000 -62.774075 -56.004129
845.000000 -62.285371 -55.853923
846.000000 -61.821103 -55.711226
847.000000 -61.380048 -55.575665
848.000000 -60.961045 -55.446882
849.000000 -60.562993 -55.324538
850.000000 -60.184843 -55.208311
851.000000 -59.825601 -55.097895
851.000000 -59.484321 0
852.000000 -59.484321 -65.000000
853.000000 -59.160105 -64.400000
854.000000 -58.852100 -63.830000
855.000000 -58.559495 -63.288500
856.000000 -58.281520 -62.774075
857.000000 -58.017444 -62.285371
858.000000 -57.766572 -61.821103
859.000000 -57.528243 -61.380048
860.000000 -57.301831 -60.961045
861.000000 -57.086740 -60.562993
862.000000 -56.882403 -60.184843
863.000000 -56.688282 -59.825601
864.000000 -56.503868 -59.484321
865.000000 -56.328675 -59.160105
866.000000 -56.162241 -58.852100
867.000000 -56.004129 -58.559495
868.000000 -55.853923 -58.281520
869.000000 -55.711226 -58.017444
870.000000 -55.575665 -57.766572
871.000000 -55.446882 -57.528243
872.000000 -55.324538 -57.301831
873.000000 -55.208311 -57.086740
874.000000 -55.097895 -56.882403
874.000000 0 -56.688282
875.000000 -65.000000 -56.688282
876.000000 -64.400000 -56.503868
877.000000 -63.830000 -56.328675
878.000000 -63.288500 -56.162241
879.000000 -62.774075 -56.004129
880.000000 -62.285371 -55.853923
881.000000 -61.821103 -55.711226
882.000000 -61.380048 -55.575665
883.000000 -60.961045 -55.446882
884.000000 -60.562993 -55.324538
885.000000 -60.184843 -55.208311
886.000000 -59.825601 -55.097895
886.000000 -59.484321 0
887.000000 -59.484321 -65.000000
888.000000 -59.160105 -64.400000
889.000000 -58.852100 -63.830000
890.000000 -58.559495 -63.288500
891.000000 -58.281520 -62.774075
892.000000 -58.017444 -62.285371
893.000000 -57.766572 -61.821103
894.000000 -57.528243 -61.380048
895.000000 -57.301831 -60.961045
896.000000 -57.086740 -60.562993
897.000000 -56.882403 -60.184843
898.000000 -56.688282 -59.825601
899.000000 -56.503868 -59.484321
900.000000 -56.328675 -59.160105
901.000000 -56.162241 -58.852100
902.000000 -56.004129 -58.559495
903.000000 -55.853923 -58.281520
904.000000 -55.711226 -58.017444
905.000000 -55.575665 -57.766572
906.000000 -55.446882 -57.528243
907.000000 -55.324538 -57.301831
908.000000 -55.208311 -57.086740
909.000000 -55.097895 -56.882403
909.000000 0 -56.688282
910.000000 -65.000000 -56.688282
911.000000 -64.400000 -56.503868
912.000000 -63.830000 -56.328675
913.000000 -63.288500 -56.162241
914.000000 -62.774075 -56.004129
915.000000 -62.285371 -55.853923
916.000000 -61.821103 -55.711226
917.000000 -61.380048 -55.575665
918.000000 -60.961045 -55.446882
919.000000 -60.562993 -55.324538
920.000000 -60.184843 -55.208311
921.000000 -59.825601 -55.097895
921.000000 -59.484321 0
922.000000 -59.484321 -65.000000
923.000000 -59.160105 -64.400000
924.000000 -58.852100 -63.830000
925.000000 -58.559495 -63.288500
926.000000 -58.281520 -62.774075
927.000000 -58.017444 -62.285371
928.000000 -57.766572 -61.821103
929.000000 -57.528243 -61.380048
930.000000 -57.301831 -60.961045
931.000000 -57.086740 -60.562993
932.000000 -56.882403 -60.184843
933.000000 -56.688282 -59.825601
934.000000 -56.503868 -59.484321
935.000000 -56.328675 -59.160105
936.000000 -56.162241 -58.852100
937.000000 -56.004129 -58.559495
938.000000 -55.853923 -58.281520
939.000000 -55.711226 -58.017444
940.000000 -55.575665 -57.766572
941.000000 -55.446882 -57.528243
942.000000 -55.324538 -57.301831
943.000000 -55.208311 -57.086740
944.000000 -55.097895 -56.882403
944.000000 0 -56.688282
945.000000 -65.000000 -56.688282
946.000000 -64.400000 -56.503868
947.000000 -63.830000 -56.328675
948.000000 -63.288500 -56.162241
949.000000 -62.774075 -56.004129
950.000000 -62.285371 -55.853923
951.000000 -61.821103 -55.711226
952.000000 -61.380048 -55.575665
953.000000 -60.961045 -55.446882
954.000000 -60.562993 -55.324538
955.000000 -60.184843 -55.208311
956.000000 -59.825601 -55.097895
956.000000 -59.484321 0
957.000000 -59.484321 -65.000000
958.000000 -59.160105 -64.400000
959.000000 -58.852100 -63.830000
960.000000 -58.559495 -63.288500
961.000000 -58.281520 -62.774075
962.000000 -58.017444 -62.285371
963.000000 -57.766572 -61.821103
964.000000 -57.528243 -61.380048
965.000000 -57.301831 -60.961045
966.000000 -57.086740 -60.562993
967.000000 -56.882403 -60.184843
968.000000 -56.688282 -59.825601
969.000000 -56.503868 -59.484321
970.000000 -56.328675 -59.160105
971.000000 -56.162241 -58.852100
972.000000 -56.004129 -58.559495
973.000000 -55.853923 -58.281520
974.000000 -55.711226 -58.017444
975.000000 -55.575665 -57.766572
976.000000 -55.446882 -57.528243
977.000000 -55.324538 -57.301831
978.000000 -55.208311 -57.086740
979.000000 -55.097895 -56.882403
979.000000 0 -56.688282
980.000000 -65.000000 -56.688282
981.000000 -64.400000 -56.503868
982.000000 -63.830000 -56.328675
983.000000 -63.288500 -56.162241
984.000000 -62.774075 -56.004129
985.000000 -62.285371 -55.853923
986.000000 -61.821103 -55.711226
987.000000 -61.380048 -55.575665
988.000000 -60.961045 -55.446882
989.000000 -60.562993 -55.324538
990.000000 -60.184843 -55.208311
991.000000 -59.825601 -55.097895
991.000000 -59.484321 0
992.000000 -59.484321 -65.000000
993.000000 -59.160105 -64.400000
994.000000 -58.852100 -63.830000
995.000000 -58.559495 -63.288500
996.000000 -58.281520 -62.774075
997.000000 -58.017444 -62.285371
998.000000 -57.766572 -61.821103
999.000000 -57.528243 -61.380048
