0.000000 -65.000000 -75.000000
1.000000 -64.400000 -73.900000
2.000000 -63.830000 -72.855000
3.000000 -63.288500 -71.862250
4.000000 -62.774075 -70.919138
5.000000 -62.285371 -70.023181
6.000000 -61.821103 -69.172022
7.000000 -61.380048 -68.363421
8.000000 -60.961045 -67.595249
9.000000 -60.562993 -66.865487
10.000000 -60.184843 -66.172213
11.000000 -59.825601 -65.513602
12.000000 -59.484321 -64.887922
13.000000 -59.160105 -64.293526
14.000000 -58.852100 -63.728850
15.000000 -58.559495 -63.192407
16.000000 -58.281520 -62.682787
17.000000 -58.017444 -62.198647
18.000000 -57.766572 -61.738715
19.000000 -57.528243 -61.301779
20.000000 -57.301831 -60.886690
21.000000 -57.086740 -60.492356
22.000000 -56.882403 -60.117738
23.000000 -56.688282 -59.761851
24.000000 -56.503868 -59.423759
25.000000 -56.328675 -59.102571
26.000000 -56.162241 -58.797442
27.000000 -56.004129 -58.507570
28.000000 -55.853923 -58.232191
29.000000 -55.711226 -57.970582
30.000000 -55.575665 -57.722053
31.000000 -55.446882 -57.485950
32.000000 -55.324538 -57.261653
33.000000 -55.208311 -57.048570
34.000000 -55.097895 -56.846142
34.000000 0 -56.653834
35.000000 -65.000000 -56.653834
36.000000 -64.400000 -56.471143
37.000000 -63.830000 -56.197586
38.000000 -63.288500 -55.957706
39.000000 -62.774075 -55.745821
40.000000 -62.285371 -55.557330
41.000000 -61.821103 -55.388503
42.000000 -61.380048 -55.236310
43.000000 -60.961045 -55.098280
43.000000 -60.562993 0
44.000000 -60.562993 -65.000000
45.000000 -60.184843 -64.383223
46.000000 -59.725601 -63.800640
47.000000 -59.309321 -63.249870
48.000000 -58.929855 -62.728787
49.000000 -58.582162 -62.235476
50.000000 -58.262094 -61.768204
51.000000 -57.966221 -61.325396
52.000000 -57.691696 -60.905608
53.000000 -57.436140 -60.507513
54.000000 -57.197555 -60.129885
55.000000 -56.974256 -59.771590
56.000000 -56.764806 -59.431569
57.000000 -56.567975 -59.108838
58.000000 -56.382705 -58.802473
59.000000 -56.208072 -58.511612
60.000000 -56.043270 -58.235441
61.000000 -55.887588 -57.973197
62.000000 -55.740394 -57.724159
63.000000 -55.601123 -57.487649
64.000000 -55.469265 -57.263025
65.000000 -55.344361 -57.049680
66.000000 -55.225990 -56.847041
67.000000 -55.113768 -56.654565
68.000000 -55.007342 -56.471738
68.000000 0 -56.298072
69.000000 -65.000000 -56.298072
70.000000 -64.399528 -56.133105
71.000000 -63.829174 -55.876399
72.000000 -63.287413 -55.652538
73.000000 -62.772800 -55.455879
74.000000 -62.283967 -55.281859
75.000000 -61.819614 -55.126785
75.000000 -61.378509 0
76.000000 -61.378509 -65.000000
77.000000 -60.959485 -64.373772
78.000000 -60.461431 -63.784102
79.000000 -60.008296 -63.228111
80.000000 -59.593831 -62.703277
81.000000 -59.212899 -62.207370
82.000000 -58.861261 -61.738407
83.000000 -58.535404 -61.294611
84.000000 -58.232399 -60.874380
85.000000 -57.949791 -60.476261
86.000000 -57.685511 -60.098928
87.000000 -57.437803 -59.741165
88.000000 -57.205167 -59.401854
89.000000 -56.986312 -59.079959
90.000000 -56.780119 -58.774519
91.000000 -56.585611 -58.484640
92.000000 -56.401929 -58.209485
93.000000 -56.228311 -57.948272
94.000000 -56.064079 -57.700268
95.000000 -55.908621 -57.464782
96.000000 -55.761387 -57.241165
97.000000 -55.621876 -57.028805
98.000000 -55.489628 -56.827122
99.000000 -55.364223 -56.635573
100.000000 -55.245274 -56.453639
101.000000 -55.132419 -56.280834
102.000000 -55.025326 -56.116693
102.000000 0 -55.960779
103.000000 -65.000000 -55.960779
104.000000 -64.399698 -55.812676
105.000000 -63.829471 -55.571992
106.000000 -63.287804 -55.363352
107.000000 -62.773259 -55.181152
108.000000 -62.284472 -55.020868
108.000000 -61.820149 0
109.000000 -61.820149 -65.000000
110.000000 -61.379062 -64.367215
111.000000 -60.860046 -63.772627
112.000000 -60.386993 -63.213013
113.000000 -59.953602 -62.685577
114.000000 -59.554690 -62.187870
115.000000 -59.185969 -61.717733
116.000000 -58.843882 -61.273252
117.000000 -58.525457 -60.852714
118.000000 -58.228199 -60.454578
119.000000 -57.950001 -60.077449
120.000000 -57.689071 -59.720056
121.000000 -57.443873 -59.381237
122.000000 -57.213084 -59.059923
123.000000 -56.995554 -58.755124
124.000000 -56.790275 -58.465926
125.000000 -56.596360 -58.191476
126.000000 -56.413022 -57.930980
127.000000 -56.239554 -57.683692
128.000000 -56.075323 -57.448917
129.000000 -55.919754 -57.225999
130.000000 -55.772325 -57.014321
131.000000 -55.632555 -56.813302
132.000000 -55.500004 -56.622395
133.000000 -55.374266 -56.441082
134.000000 -55.254962 -56.268873
135.000000 -55.141741 -56.105306
136.000000 -55.034276 -55.949941
136.000000 0 -55.802365
137.000000 -65.000000 -55.802365
138.000000 -64.399758 -55.662183
139.000000 -63.829577 -55.429023
140.000000 -63.287943 -55.227532
141.000000 -62.773422 -55.052123
141.000000 -62.284652 0
142.000000 -62.284652 -65.000000
143.000000 -61.820340 -64.359019
144.000000 -61.279259 -63.758284
145.000000 -60.785246 -63.194142
146.000000 -60.331943 -62.663453
147.000000 -59.914113 -62.163494
148.000000 -59.527422 -61.691891
149.000000 -59.168262 -61.246553
150.000000 -58.833618 -60.825631
151.000000 -58.520952 -60.427474
152.000000 -58.228116 -60.050600
153.000000 -57.953280 -59.693670
154.000000 -57.694872 -59.355466
155.000000 -57.451533 -59.034877
156.000000 -57.222080 -58.730880
157.000000 -57.005475 -58.442534
158.000000 -56.800801 -58.168965
159.000000 -56.607240 -57.909363
160.000000 -56.424061 -57.662972
161.000000 -56.250605 -57.429086
162.000000 -56.086272 -57.207041
163.000000 -55.930516 -56.996216
164.000000 -55.782837 -56.796027
165.000000 -55.642772 -56.605924
166.000000 -55.509895 -56.425386
167.000000 -55.383810 -56.253923
168.000000 -55.264147 -56.091072
169.000000 -55.150561 -55.936394
170.000000 -55.042731 -55.789476
170.000000 0 -55.649922
171.000000 -65.000000 -55.649922
172.000000 -64.399806 -55.517363
173.000000 -63.829661 -55.291444
174.000000 -63.288054 -55.096831
174.000000 -62.773553 0
175.000000 -62.773553 -65.000000
176.000000 -62.284796 -64.348774
177.000000 -61.720492 -63.740355
178.000000 -61.204417 -63.170552
179.000000 -60.730156 -62.635797
180.000000 -60.292415 -62.133025
181.000000 -59.886809 -61.659588
182.000000 -59.509679 -61.213180
183.000000 -59.157964 -60.791778
184.000000 -58.829081 -60.393595
185.000000 -58.520839 -60.017040
186.000000 -58.231367 -59.660687
187.000000 -57.959055 -59.323253
188.000000 -57.702506 -59.003570
189.000000 -57.460505 -58.700575
190.000000 -57.231979 -58.413293
191.000000 -57.015979 -58.140826
192.000000 -56.811659 -57.882343
193.000000 -56.618260 -57.637073
194.000000 -56.435093 -57.404296
195.000000 -56.261536 -57.183343
196.000000 -56.097017 -56.973585
197.000000 -55.941013 -56.774434
198.000000 -55.793039 -56.585334
199.000000 -55.652649 -56.405765
200.000000 -55.519426 -56.235235
201.000000 -55.392982 -56.073279
202.000000 -55.272955 -55.919461
203.000000 -55.159005 -55.773364
204.000000 -55.050813 -55.634596
204.000000 0 -55.502787
205.000000 -65.000000 -55.502787
206.000000 -64.399845 -55.377585
207.000000 -63.829729 -55.158655
207.000000 -63.288143 0
208.000000 -63.288143 -65.000000
209.000000 -62.773657 -64.335968
210.000000 -62.184911 -63.717943
211.000000 -61.645614 -63.141065
212.000000 -61.149293 -62.601227
213.000000 -60.690596 -62.094938
214.000000 -60.265080 -61.619209
215.000000 -59.869037 -61.171463
216.000000 -59.499355 -60.749461
217.000000 -59.153402 -60.351245
218.000000 -58.828944 -59.975089
219.000000 -58.524067 -59.619459
220.000000 -58.237119 -59.282986
221.000000 -57.966668 -58.964436
222.000000 -57.711458 -58.662694
223.000000 -57.470384 -58.376743
224.000000 -57.242464 -58.105653
225.000000 -57.026820 -57.848568
226.000000 -56.822663 -57.604698
227.000000 -56.629276 -57.373309
228.000000 -56.446010 -57.153721
229.000000 -56.272267 -56.945297
230.000000 -56.107500 -56.747441
231.000000 -55.951202 -56.559597
232.000000 -55.802904 -56.381239
233.000000 -55.662168 -56.211875
234.000000 -55.528587 -56.051039
235.000000 -55.401780 -55.898294
236.000000 -55.281388 -55.753224
237.000000 -55.167077 -55.615439
238.000000 -55.058530 -55.484568
238.000000 0 -55.360260
239.000000 -65.000000 -55.360260
240.000000 -64.399876 -55.242184
241.000000 -63.829783 -55.030024
241.000000 -63.288215 0
242.000000 -63.288215 -65.000000
243.000000 -62.773741 -64.335968
244.000000 -62.185003 -63.717943
245.000000 -61.645712 -63.141065
246.000000 -61.149394 -62.601227
247.000000 -60.690698 -62.094938
248.000000 -60.265183 -61.619209
249.000000 -59.869139 -61.171463
250.000000 -59.499454 -60.749461
251.000000 -59.153499 -60.351245
252.000000 -58.829039 -59.975089
253.000000 -58.524158 -59.619459
254.000000 -58.237207 -59.282986
255.000000 -57.966753 -58.964436
256.000000 -57.711540 -58.662694
257.000000 -57.470462 -58.376743
258.000000 -57.242539 -58.105653
259.000000 -57.026892 -57.848568
260.000000 -56.822731 -57.604698
261.000000 -56.629342 -57.373309
262.000000 -56.446072 -57.153721
263.000000 -56.272327 -56.945297
264.000000 -56.107557 -56.747441
265.000000 -55.951256 -56.559597
266.000000 -55.802955 -56.381239
267.000000 -55.662217 -56.211875
268.000000 -55.528633 -56.051039
269.000000 -55.401824 -55.898294
270.000000 -55.281430 -55.753224
271.000000 -55.167117 -55.615439
272.000000 -55.058567 -55.484568
272.000000 0 -55.360260
273.000000 -65.000000 -55.360260
274.000000 -64.399876 -55.242184
275.000000 -63.829783 -55.030024
275.000000 -63.288215 0
276.000000 -63.288215 -65.000000
277.000000 -62.773741 -64.335968
278.000000 -62.185003 -63.717943
279.000000 -61.645712 -63.141065
280.000000 -61.149394 -62.601227
281.000000 -60.690698 -62.094938
282.000000 -60.265183 -61.619209
283.000000 -59.869139 -61.171463
284.000000 -59.499454 -60.749461
285.000000 -59.153499 -60.351245
286.000000 -58.829039 -59.975089
287.000000 -58.524158 -59.619459
288.000000 -58.237207 -59.282986
289.000000 -57.966753 -58.964436
290.000000 -57.711540 -58.662694
291.000000 -57.470462 -58.376743
292.000000 -57.242539 -58.105653
293.000000 -57.026892 -57.848568
294.000000 -56.822731 -57.604698
295.000000 -56.629342 -57.373309
296.000000 -56.446072 -57.153721
297.000000 -56.272327 -56.945297
298.000000 -56.107557 -56.747441
299.000000 -55.951256 -56.559597
300.000000 -55.802955 -56.381239
301.000000 -55.662217 -56.211875
302.000000 -55.528633 -56.051039
303.000000 -55.401824 -55.898294
304.000000 -55.281430 -55.753224
305.000000 -55.167117 -55.615439
306.000000 -55.058567 -55.484568
306.000000 0 -55.360260
307.000000 -65.000000 -55.360260
308.000000 -64.399876 -55.242184
309.000000 -63.829783 -55.030024
309.000000 -63.288215 0
310.000000 -63.288215 -65.000000
311.000000 -62.773741 -64.335968
312.000000 -62.185003 -63.717943
313.000000 -61.645712 -63.141065
314.000000 -61.149394 -62.601227
315.000000 -60.690698 -62.094938
316.000000 -60.265183 -61.619209
317.000000 -59.869139 -61.171463
318.000000 -59.499454 -60.749461
319.000000 -59.153499 -60.351245
320.000000 -58.829039 -59.975089
321.000000 -58.524158 -59.619459
322.000000 -58.237207 -59.282986
323.000000 -57.966753 -58.964436
324.000000 -57.711540 -58.662694
325.000000 -57.470462 -58.376743
326.000000 -57.242539 -58.105653
327.000000 -57.026892 -57.848568
328.000000 -56.822731 -57.604698
329.000000 -56.629342 -57.373309
330.000000 -56.446072 -57.153721
331.000000 -56.272327 -56.945297
332.000000 -56.107557 -56.747441
333.000000 -55.951256 -56.559597
334.000000 -55.802955 -56.381239
335.000000 -55.662217 -56.211875
336.000000 -55.528633 -56.051039
337.000000 -55.401824 -55.898294
338.000000 -55.281430 -55.753224
339.000000 -55.167117 -55.615439
340.000000 -55.058567 -55.484568
340.000000 0 -55.360260
341.000000 -65.000000 -55.360260
342.000000 -64.399876 -55.242184
343.000000 -63.829783 -55.030024
343.000000 -63.288215 0
344.000000 -63.288215 -65.000000
345.000000 -62.773741 -64.335968
346.000000 -62.185003 -63.717943
347.000000 -61.645712 -63.141065
348.000000 -61.149394 -62.601227
349.000000 -60.690698 -62.094938
350.000000 -60.265183 -61.619209
351.000000 -59.869139 -61.171463
352.000000 -59.499454 -60.749461
353.000000 -59.153499 -60.351245
354.000000 -58.829039 -59.975089
355.000000 -58.524158 -59.619459
356.000000 -58.237207 -59.282986
357.000000 -57.966753 -58.964436
358.000000 -57.711540 -58.662694
359.000000 -57.470462 -58.376743
360.000000 -57.242539 -58.105653
361.000000 -57.026892 -57.848568
362.000000 -56.822731 -57.604698
363.000000 -56.629342 -57.373309
364.000000 -56.446072 -57.153721
365.000000 -56.272327 -56.945297
366.000000 -56.107557 -56.747441
367.000000 -55.951256 -56.559597
368.000000 -55.802955 -56.381239
369.000000 -55.662217 -56.211875
370.000000 -55.528633 -56.051039
371.000000 -55.401824 -55.898294
372.000000 -55.281430 -55.753224
373.000000 -55.167117 -55.615439
374.000000 -55.058567 -55.484568
374.000000 0 -55.360260
375.000000 -65.000000 -55.360260
376.000000 -64.399876 -55.242184
377.000000 -63.829783 -55.030024
377.000000 -63.288215 0
378.000000 -63.288215 -65.000000
379.000000 -62.773741 -64.335968
380.000000 -62.185003 -63.717943
381.000000 -61.645712 -63.141065
382.000000 -61.149394 -62.601227
383.000000 -60.690698 -62.094938
384.000000 -60.265183 -61.619209
385.000000 -59.869139 -61.171463
386.000000 -59.499454 -60.749461
387.000000 -59.153499 -60.351245
388.000000 -58.829039 -59.975089
389.000000 -58.524158 -59.619459
390.000000 -58.237207 -59.282986
391.000000 -57.966753 -58.964436
392.000000 -57.711540 -58.662694
393.000000 -57.470462 -58.376743
394.000000 -57.242539 -58.105653
395.000000 -57.026892 -57.848568
396.000000 -56.822731 -57.604698
397.000000 -56.629342 -57.373309
398.000000 -56.446072 -57.153721
399.000000 -56.272327 -56.945297
400.000000 -56.107557 -56.747441
401.000000 -55.951256 -56.559597
402.000000 -55.802955 -56.381239
403.000000 -55.662217 -56.211875
404.000000 -55.528633 -56.051039
405.000000 -55.401824 -55.898294
406.000000 -55.281430 -55.753224
407.000000 -55.167117 -55.615439
408.000000 -55.058567 -55.484568
408.000000 0 -55.360260
409.000000 -65.000000 -55.360260
410.000000 -64.399876 -55.242184
411.000000 -63.829783 -55.030024
411.000000 -63.288215 0
412.000000 -63.288215 -65.000000
413.000000 -62.773741 -64.335968
414.000000 -62.185003 -63.717943
415.000000 -61.645712 -63.141065
416.000000 -61.149394 -62.601227
417.000000 -60.690698 -62.094938
418.000000 -60.265183 -61.619209
419.000000 -59.869139 -61.171463
420.000000 -59.499454 -60.749461
421.000000 -59.153499 -60.351245
422.000000 -58.829039 -59.975089
423.000000 -58.524158 -59.619459
424.000000 -58.237207 -59.282986
425.000000 -57.966753 -58.964436
426.000000 -57.711540 -58.662694
427.000000 -57.470462 -58.376743
428.000000 -57.242539 -58.105653
429.000000 -57.026892 -57.848568
430.000000 -56.822731 -57.604698
431.000000 -56.629342 -57.373309
432.000000 -56.446072 -57.153721
433.000000 -56.272327 -56.945297
434.000000 -56.107557 -56.747441
435.000000 -55.951256 -56.559597
436.000000 -55.802955 -56.381239
437.000000 -55.662217 -56.211875
438.000000 -55.528633 -56.051039
439.000000 -55.401824 -55.898294
440.000000 -55.281430 -55.753224
441.000000 -55.167117 -55.615439
442.000000 -55.058567 -55.484568
442.000000 0 -55.360260
443.000000 -65.000000 -55.360260
444.000000 -64.399876 -55.242184
445.000000 -63.829783 -55.030024
445.000000 -63.288215 0
446.000000 -63.288215 -65.000000
447.000000 -62.773741 -64.335968
448.000000 -62.185003 -63.717943
449.000000 -61.645712 -63.141065
450.000000 -61.149394 -62.601227
451.000000 -60.690698 -62.094938
452.000000 -60.265183 -61.619209
453.000000 -59.869139 -61.171463
454.000000 -59.499454 -60.749461
455.000000 -59.153499 -60.351245
456.000000 -58.829039 -59.975089
457.000000 -58.524158 -59.619459
458.000000 -58.237207 -59.282986
459.000000 -57.966753 -58.964436
460.000000 -57.711540 -58.662694
461.000000 -57.470462 -58.376743
462.000000 -57.242539 -58.105653
463.000000 -57.026892 -57.848568
464.000000 -56.822731 -57.604698
465.000000 -56.629342 -57.373309
466.000000 -56.446072 -57.153721
467.000000 -56.272327 -56.945297
468.000000 -56.107557 -56.747441
469.000000 -55.951256 -56.559597
470.000000 -55.802955 -56.381239
471.000000 -55.662217 -56.211875
472.000000 -55.528633 -56.051039
473.000000 -55.401824 -55.898294
474.000000 -55.281430 -55.753224
475.000000 -55.167117 -55.615439
476.000000 -55.058567 -55.484568
476.000000 0 -55.360260
477.000000 -65.000000 -55.360260
478.000000 -64.399876 -55.242184
479.000000 -63.829783 -55.030024
479.000000 -63.288215 0
480.000000 -63.288215 -65.000000
481.000000 -62.773741 -64.335968
482.000000 -62.185003 -63.717943
483.000000 -61.645712 -63.141065
484.000000 -61.149394 -62.601227
485.000000 -60.690698 -62.094938
486.000000 -60.265183 -61.619209
487.000000 -59.869139 -61.171463
488.000000 -59.499454 -60.749461
489.000000 -59.153499 -60.351245
490.000000 -58.829039 -59.975089
491.000000 -58.524158 -59.619459
492.000000 -58.237207 -59.282986
493.000000 -57.966753 -58.964436
494.000000 -57.711540 -58.662694
495.000000 -57.470462 -58.376743
496.000000 -57.242539 -58.105653
497.000000 -57.026892 -57.848568
498.000000 -56.822731 -57.604698
499.000000 -56.629342 -57.373309
500.000000 -56.446072 -57.153721
501.000000 -56.272327 -56.945297
502.000000 -56.107557 -56.747441
503.000000 -55.951256 -56.559597
504.000000 -55.802955 -56.381239
505.000000 -55.662217 -56.211875
506.000000 -55.528633 -56.051039
507.000000 -55.401824 -55.898294
508.000000 -55.281430 -55.753224
509.000000 -55.167117 -55.615439
510.000000 -55.058567 -55.484568
510.000000 0 -55.360260
511.000000 -65.000000 -55.360260
512.000000 -64.399876 -55.242184
513.000000 -63.829783 -55.030024
513.000000 -63.288215 0
514.000000 -63.288215 -65.000000
515.000000 -62.773741 -64.335968
516.000000 -62.185003 -63.717943
517.000000 -61.645712 -63.141065
518.000000 -61.149394 -62.601227
519.000000 -60.690698 -62.094938
520.000000 -60.265183 -61.619209
521.000000 -59.869139 -61.171463
522.000000 -59.499454 -60.749461
523.000000 -59.153499 -60.351245
524.000000 -58.829039 -59.975089
525.000000 -58.524158 -59.619459
526.000000 -58.237207 -59.282986
527.000000 -57.966753 -58.964436
528.000000 -57.711540 -58.662694
529.000000 -57.470462 -58.376743
530.000000 -57.242539 -58.105653
531.000000 -57.026892 -57.848568
532.000000 -56.822731 -57.604698
533.000000 -56.629342 -57.373309
534.000000 -56.446072 -57.153721
535.000000 -56.272327 -56.945297
536.000000 -56.107557 -56.747441
537.000000 -55.951256 -56.559597
538.000000 -55.802955 -56.381239
539.000000 -55.662217 -56.211875
540.000000 -55.528633 -56.051039
541.000000 -55.401824 -55.898294
542.000000 -55.281430 -55.753224
543.000000 -55.167117 -55.615439
544.000000 -55.058567 -55.484568
544.000000 0 -55.360260
545.000000 -65.000000 -55.360260
546.000000 -64.399876 -55.242184
547.000000 -63.829783 -55.030024
547.000000 -63.288215 0
548.000000 -63.288215 -65.000000
549.000000 -62.773741 -64.335968
550.000000 -62.185003 -63.717943
551.000000 -61.645712 -63.141065
552.000000 -61.149394 -62.601227
553.000000 -60.690698 -62.094938
554.000000 -60.265183 -61.619209
555.000000 -59.869139 -61.171463
556.000000 -59.499454 -60.749461
557.000000 -59.153499 -60.351245
558.000000 -58.829039 -59.975089
559.000000 -58.524158 -59.619459
560.000000 -58.237207 -59.282986
561.000000 -57.966753 -58.964436
562.000000 -57.711540 -58.662694
563.000000 -57.470462 -58.376743
564.000000 -57.242539 -58.105653
565.000000 -57.026892 -57.848568
566.000000 -56.822731 -57.604698
567.000000 -56.629342 -57.373309
568.000000 -56.446072 -57.153721
569.000000 -56.272327 -56.945297
570.000000 -56.107557 -56.747441
571.000000 -55.951256 -56.559597
572.000000 -55.802955 -56.381239
573.000000 -55.662217 -56.211875
574.000000 -55.528633 -56.051039
575.000000 -55.401824 -55.898294
576.000000 -55.281430 -55.753224
577.000000 -55.167117 -55.615439
578.000000 -55.058567 -55.484568
578.000000 0 -55.360260
579.000000 -65.000000 -55.360260
580.000000 -64.399876 -55.242184
581.000000 -63.829783 -55.030024
581.000000 -63.288215 0
582.000000 -63.288215 -65.000000
583.000000 -62.773741 -64.335968
584.000000 -62.185003 -63.717943
585.000000 -61.645712 -63.141065
586.000000 -61.149394 -62.601227
587.000000 -60.690698 -62.094938
588.000000 -60.265183 -61.619209
589.000000 -59.869139 -61.171463
590.000000 -59.499454 -60.749461
591.000000 -59.153499 -60.351245
592.000000 -58.829039 -59.975089
593.000000 -58.524158 -59.619459
594.000000 -58.237207 -59.282986
595.000000 -57.966753 -58.964436
596.000000 -57.711540 -58.662694
597.000000 -57.470462 -58.376743
598.000000 -57.242539 -58.105653
599.000000 -57.026892 -57.848568
600.000000 -56.822731 -57.604698
601.000000 -56.629342 -57.373309
602.000000 -56.446072 -57.153721
603.000000 -56.272327 -56.945297
604.000000 -56.107557 -56.747441
605.000000 -55.951256 -56.559597
606.000000 -55.802955 -56.381239
607.000000 -55.662217 -56.211875
608.000000 -55.528633 -56.051039
609.000000 -55.401824 -55.898294
610.000000 -55.281430 -55.753224
611.000000 -55.167117 -55.615439
612.000000 -55.058567 -55.484568
612.000000 0 -55.360260
613.000000 -65.000000 -55.360260
614.000000 -64.399876 -55.242184
615.000000 -63.829783 -55.030024
615.000000 -63.288215 0
616.000000 -63.288215 -65.000000
617.000000 -62.773741 -64.335968
618.000000 -62.185003 -63.717943
619.000000 -61.645712 -63.141065
620.000000 -61.149394 -62.601227
621.000000 -60.690698 -62.094938
622.000000 -60.265183 -61.619209
623.000000 -59.869139 -61.171463
624.000000 -59.499454 -60.749461
625.000000 -59.153499 -60.351245
626.000000 -58.829039 -59.975089
627.000000 -58.524158 -59.619459
628.000000 -58.237207 -59.282986
629.000000 -57.966753 -58.964436
630.000000 -57.711540 -58.662694
631.000000 -57.470462 -58.376743
632.000000 -57.242539 -58.105653
633.000000 -57.026892 -57.848568
634.000000 -56.822731 -57.604698
635.000000 -56.629342 -57.373309
636.000000 -56.446072 -57.153721
637.000000 -56.272327 -56.945297
638.000000 -56.107557 -56.747441
639.000000 -55.951256 -56.559597
640.000000 -55.802955 -56.381239
641.000000 -55.662217 -56.211875
642.000000 -55.528633 -56.051039
643.000000 -55.401824 -55.898294
644.000000 -55.281430 -55.753224
645.000000 -55.167117 -55.615439
646.000000 -55.058567 -55.484568
646.000000 0 -55.360260
647.000000 -65.000000 -55.360260
648.000000 -64.399876 -55.242184
649.000000 -63.829783 -55.030024
649.000000 -63.288215 0
650.000000 -63.288215 -65.000000
651.000000 -62.773741 -64.335968
652.000000 -62.185003 -63.717943
653.000000 -61.645712 -63.141065
654.000000 -61.149394 -62.601227
655.000000 -60.690698 -62.094938
656.000000 -60.265183 -61.619209
657.000000 -59.869139 -61.171463
658.000000 -59.499454 -60.749461
659.000000 -59.153499 -60.351245
660.000000 -58.829039 -59.975089
661.000000 -58.524158 -59.619459
662.000000 -58.237207 -59.282986
663.000000 -57.966753 -58.964436
664.000000 -57.711540 -58.662694
665.000000 -57.470462 -58.376743
666.000000 -57.242539 -58.105653
667.000000 -57.026892 -57.848568
668.000000 -56.822731 -57.604698
669.000000 -56.629342 -57.373309
670.000000 -56.446072 -57.153721
671.000000 -56.272327 -56.945297
672.000000 -56.107557 -56.747441
673.000000 -55.951256 -56.559597
674.000000 -55.802955 -56.381239
675.000000 -55.662217 -56.211875
676.000000 -55.528633 -56.051039
677.000000 -55.401824 -55.898294
678.000000 -55.281430 -55.753224
679.000000 -55.167117 -55.615439
680.000000 -55.058567 -55.484568
680.000000 0 -55.360260
681.000000 -65.000000 -55.360260
682.000000 -64.399876 -55.242184
683.000000 -63.829783 -55.030024
683.000000 -63.288215 0
684.000000 -63.288215 -65.000000
685.000000 -62.773741 -64.335968
686.000000 -62.185003 -63.717943
687.000000 -61.645712 -63.141065
688.000000 -61.149394 -62.601227
689.000000 -60.690698 -62.094938
690.000000 -60.265183 -61.619209
691.000000 -59.869139 -61.171463
692.000000 -59.499454 -60.749461
693.000000 -59.153499 -60.351245
694.000000 -58.829039 -59.975089
695.000000 -58.524158 -59.619459
696.000000 -58.237207 -59.282986
697.000000 -57.966753 -58.964436
698.000000 -57.711540 -58.662694
699.000000 -57.470462 -58.376743
700.000000 -57.242539 -58.105653
701.000000 -57.026892 -57.848568
702.000000 -56.822731 -57.604698
703.000000 -56.629342 -57.373309
704.000000 -56.446072 -57.153721
705.000000 -56.272327 -56.945297
706.000000 -56.107557 -56.747441
707.000000 -55.951256 -56.559597
708.000000 -55.802955 -56.381239
709.000000 -55.662217 -56.211875
710.000000 -55.528633 -56.051039
711.000000 -55.401824 -55.898294
712.000000 -55.281430 -55.753224
713.000000 -55.167117 -55.615439
714.000000 -55.058567 -55.484568
714.000000 0 -55.360260
715.000000 -65.000000 -55.360260
716.000000 -64.399876 -55.242184
717.000000 -63.829783 -55.030024
717.000000 -63.288215 0
718.000000 -63.288215 -65.000000
719.000000 -62.773741 -64.335968
720.000000 -62.185003 -63.717943
721.000000 -61.645712 -63.141065
722.000000 -61.149394 -62.601227
723.000000 -60.690698 -62.094938
724.000000 -60.265183 -61.619209
725.000000 -59.869139 -61.171463
726.000000 -59.499454 -60.749461
727.000000 -59.153499 -60.351245
728.000000 -58.829039 -59.975089
729.000000 -58.524158 -59.619459
730.000000 -58.237207 -59.282986
731.000000 -57.966753 -58.964436
732.000000 -57.711540 -58.662694
733.000000 -57.470462 -58.376743
734.000000 -57.242539 -58.105653
735.000000 -57.026892 -57.848568
736.000000 -56.822731 -57.604698
737.000000 -56.629342 -57.373309
738.000000 -56.446072 -57.153721
739.000000 -56.272327 -56.945297
740.000000 -56.107557 -56.747441
741.000000 -55.951256 -56.559597
742.000000 -55.802955 -56.381239
743.000000 -55.662217 -56.211875
744.000000 -55.528633 -56.051039
745.000000 -55.401824 -55.898294
746.000000 -55.281430 -55.753224
747.000000 -55.167117 -55.615439
748.000000 -55.058567 -55.484568
748.000000 0 -55.360260
749.000000 -65.000000 -55.360260
750.000000 -64.399876 -55.242184
751.000000 -63.829783 -55.030024
751.000000 -63.288215 0
752.000000 -63.288215 -65.000000
753.000000 -62.773741 -64.335968
754.000000 -62.185003 -63.717943
755.000000 -61.645712 -63.141065
756.000000 -61.149394 -62.601227
757.000000 -60.690698 -62.094938
758.000000 -60.265183 -61.619209
759.000000 -59.869139 -61.171463
760.000000 -59.499454 -60.749461
761.000000 -59.153499 -60.351245
762.000000 -58.829039 -59.975089
763.000000 -58.524158 -59.619459
764.000000 -58.237207 -59.282986
765.000000 -57.966753 -58.964436
766.000000 -57.711540 -58.662694
767.000000 -57.470462 -58.376743
768.000000 -57.242539 -58.105653
769.000000 -57.026892 -57.848568
770.000000 -56.822731 -57.604698
771.000000 -56.629342 -57.373309
772.000000 -56.446072 -57.153721
773.000000 -56.272327 -56.945297
774.000000 -56.107557 -56.747441
775.000000 -55.951256 -56.559597
776.000000 -55.802955 -56.381239
777.000000 -55.662217 -56.211875
778.000000 -55.528633 -56.051039
779.000000 -55.401824 -55.898294
780.000000 -55.281430 -55.753224
781.000000 -55.167117 -55.615439
782.000000 -55.058567 -55.484568
782.000000 0 -55.360260
783.000000 -65.000000 -55.360260
784.000000 -64.399876 -55.242184
785.000000 -63.829783 -55.030024
785.000000 -63.288215 0
786.000000 -63.288215 -65.000000
787.000000 -62.773741 -64.335968
788.000000 -62.185003 -63.717943
789.000000 -61.645712 -63.141065
790.000000 -61.149394 -62.601227
791.000000 -60.690698 -62.094938
792.000000 -60.265183 -61.619209
793.000000 -59.869139 -61.171463
794.000000 -59.499454 -60.749461
795.000000 -59.153499 -60.351245
796.000000 -58.829039 -59.975089
797.000000 -58.524158 -59.619459
798.000000 -58.237207 -59.282986
799.000000 -57.966753 -58.964436
800.000000 -57.711540 -58.662694
801.000000 -57.470462 -58.376743
802.000000 -57.242539 -58.105653
803.000000 -57.026892 -57.848568
804.000000 -56.822731 -57.604698
805.000000 -56.629342 -57.373309
806.000000 -56.446072 -57.153721
807.000000 -56.272327 -56.945297
808.000000 -56.107557 -56.747441
809.000000 -55.951256 -56.559597
810.000000 -55.802955 -56.381239
811.000000 -55.662217 -56.211875
812.000000 -55.528633 -56.051039
813.000000 -55.401824 -55.898294
814.000000 -55.281430 -55.753224
815.000000 -55.167117 -55.615439
816.000000 -55.058567 -55.484568
816.000000 0 -55.360260
817.000000 -65.000000 -55.360260
818.000000 -64.399876 -55.242184
819.000000 -63.829783 -55.030024
819.000000 -63.288215 0
820.000000 -63.288215 -65.000000
821.000000 -62.773741 -64.335968
822.000000 -62.185003 -63.717943
823.000000 -61.645712 -63.141065
824.000000 -61.149394 -62.601227
825.000000 -60.690698 -62.094938
826.000000 -60.265183 -61.619209
827.000000 -59.869139 -61.171463
828.000000 -59.499454 -60.749461
829.000000 -59.153499 -60.351245
830.000000 -58.829039 -59.975089
831.000000 -58.524158 -59.619459
832.000000 -58.237207 -59.282986
833.000000 -57.966753 -58.964436
834.000000 -57.711540 -58.662694
835.000000 -57.470462 -58.376743
836.000000 -57.242539 -58.105653
837.000000 -57.026892 -57.848568
838.000000 -56.822731 -57.604698
839.000000 -56.629342 -57.373309
840.000000 -56.446072 -57.153721
841.000000 -56.272327 -56.945297
842.000000 -56.107557 -56.747441
843.000000 -55.951256 -56.559597
844.000000 -55.802955 -56.381239
845.000000 -55.662217 -56.211875
846.000000 -55.528633 -56.051039
847.000000 -55.401824 -55.898294
848.000000 -55.281430 -55.753224
849.000000 -55.167117 -55.615439
850.000000 -55.058567 -55.484568
850.000000 0 -55.360260
851.000000 -65.000000 -55.360260
852.000000 -64.399876 -55.242184
853.000000 -63.829783 -55.030024
853.000000 -63.288215 0
854.000000 -63.288215 -65.000000
855.000000 -62.773741 -64.335968
856.000000 -62.185003 -63.717943
857.000000 -61.645712 -63.141065
858.000000 -61.149394 -62.601227
859.000000 -60.690698 -62.094938
860.000000 -60.265183 -61.619209
861.000000 -59.869139 -61.171463
862.000000 -59.499454 -60.749461
863.000000 -59.153499 -60.351245
864.000000 -58.829039 -59.975089
865.000000 -58.524158 -59.619459
866.000000 -58.237207 -59.282986
867.000000 -57.966753 -58.964436
868.000000 -57.711540 -58.662694
869.000000 -57.470462 -58.376743
870.000000 -57.242539 -58.105653
871.000000 -57.026892 -57.848568
872.000000 -56.822731 -57.604698
873.000000 -56.629342 -57.373309
874.000000 -56.446072 -57.153721
875.000000 -56.272327 -56.945297
876.000000 -56.107557 -56.747441
877.000000 -55.951256 -56.559597
878.000000 -55.802955 -56.381239
879.000000 -55.662217 -56.211875
880.000000 -55.528633 -56.051039
881.000000 -55.401824 -55.898294
882.000000 -55.281430 -55.753224
883.000000 -55.167117 -55.615439
884.000000 -55.058567 -55.484568
884.000000 0 -55.360260
885.000000 -65.000000 -55.360260
886.000000 -64.399876 -55.242184
887.000000 -63.829783 -55.030024
887.000000 -63.288215 0
888.000000 -63.288215 -65.000000
889.000000 -62.773741 -64.335968
890.000000 -62.185003 -63.717943
891.000000 -61.645712 -63.141065
892.000000 -61.149394 -62.601227
893.000000 -60.690698 -62.094938
894.000000 -60.265183 -61.619209
895.000000 -59.869139 -61.171463
896.000000 -59.499454 -60.749461
897.000000 -59.153499 -60.351245
898.000000 -58.829039 -59.975089
899.000000 -58.524158 -59.619459
900.000000 -58.237207 -59.282986
901.000000 -57.966753 -58.964436
902.000000 -57.711540 -58.662694
903.000000 -57.470462 -58.376743
904.000000 -57.242539 -58.105653
905.000000 -57.026892 -57.848568
906.000000 -56.822731 -57.604698
907.000000 -56.629342 -57.373309
908.000000 -56.446072 -57.153721
909.000000 -56.272327 -56.945297
910.000000 -56.107557 -56.747441
911.000000 -55.951256 -56.559597
912.000000 -55.802955 -56.381239
913.000000 -55.662217 -56.211875
914.000000 -55.528633 -56.051039
915.000000 -55.401824 -55.898294
916.000000 -55.281430 -55.753224
917.000000 -55.167117 -55.615439
918.000000 -55.058567 -55.484568
918.000000 0 -55.360260
919.000000 -65.000000 -55.360260
920.000000 -64.399876 -55.242184
921.000000 -63.829783 -55.030024
921.000000 -63.288215 0
922.000000 -63.288215 -65.000000
923.000000 -62.773741 -64.335968
924.000000 -62.185003 -63.717943
925.000000 -61.645712 -63.141065
926.000000 -61.149394 -62.601227
927.000000 -60.690698 -62.094938
928.000000 -60.265183 -61.619209
929.000000 -59.869139 -61.171463
930.000000 -59.499454 -60.749461
931.000000 -59.153499 -60.351245
932.000000 -58.829039 -59.975089
933.000000 -58.524158 -59.619459
934.000000 -58.237207 -59.282986
935.000000 -57.966753 -58.964436
936.000000 -57.711540 -58.662694
937.000000 -57.470462 -58.376743
938.000000 -57.242539 -58.105653
939.000000 -57.026892 -57.848568
940.000000 -56.822731 -57.604698
941.000000 -56.629342 -57.373309
942.000000 -56.446072 -57.153721
943.000000 -56.272327 -56.945297
944.000000 -56.107557 -56.747441
945.000000 -55.951256 -56.559597
946.000000 -55.802955 -56.381239
947.000000 -55.662217 -56.211875
948.000000 -55.528633 -56.051039
949.000000 -55.401824 -55.898294
950.000000 -55.281430 -55.753224
951.000000 -55.167117 -55.615439
952.000000 -55.058567 -55.484568
952.000000 0 -55.360260
953.000000 -65.000000 -55.360260
954.000000 -64.399876 -55.242184
955.000000 -63.829783 -55.030024
955.000000 -63.288215 0
956.000000 -63.288215 -65.000000
957.000000 -62.773741 -64.335968
958.000000 -62.185003 -63.717943
959.000000 -61.645712 -63.141065
960.000000 -61.149394 -62.601227
961.000000 -60.690698 -62.094938
962.000000 -60.265183 -61.619209
963.000000 -59.869139 -61.171463
964.000000 -59.499454 -60.749461
965.000000 -59.153499 -60.351245
966.000000 -58.829039 -59.975089
967.000000 -58.524158 -59.619459
968.000000 -58.237207 -59.282986
969.000000 -57.966753 -58.964436
970.000000 -57.711540 -58.662694
971.000000 -57.470462 -58.376743
972.000000 -57.242539 -58.105653
973.000000 -57.026892 -57.848568
974.000000 -56.822731 -57.604698
975.000000 -56.629342 -57.373309
976.000000 -56.446072 -57.153721
977.000000 -56.272327 -56.945297
978.000000 -56.107557 -56.747441
979.000000 -55.951256 -56.559597
980.000000 -55.802955 -56.381239
981.000000 -55.662217 -56.211875
982.000000 -55.528633 -56.051039
983.000000 -55.401824 -55.898294
984.000000 -55.281430 -55.753224
985.000000 -55.167117 -55.615439
986.000000 -55.058567 -55.484568
986.000000 0 -55.360260
987.000000 -65.000000 -55.360260
988.000000 -64.399876 -55.242184
989.000000 -63.829783 -55.030024
989.000000 -63.288215 0
990.000000 -63.288215 -65.000000
991.000000 -62.773741 -64.335968
992.000000 -62.185003 -63.717943
993.000000 -61.645712 -63.141065
994.000000 -61.149394 -62.601227
995.000000 -60.690698 -62.094938
996.000000 -60.265183 -61.619209
997.000000 -59.869139 -61.171463
998.000000 -59.499454 -60.749461
999.000000 -59.153499 -60.351245
